2499 [[-0.9891813   0.14429193  0.02646132 -0.81265896]
 [ 0.02256765  0.32790896 -0.94443974  0.82510354]
 [-0.14495193 -0.93362495 -0.32761774  2.24479724]
 [ 0.          0.          0.          1.        ]]
2486 [[-0.98540789  0.16974958  0.01250458 -0.73401595]
 [ 0.04581673  0.33528794 -0.94100097  0.80114979]
 [-0.16392715 -0.92669686 -0.33817276  2.26936882]
 [ 0.          0.          0.          1.        ]]
2473 [[-0.97467379  0.22208315 -0.02626946 -0.68074822]
 [ 0.10571573  0.35404705 -0.92923349  0.73408655]
 [-0.19706647 -0.90847662 -0.36855806  2.32567182]
 [ 0.          0.          0.          1.        ]]
2451 [[-0.9245709   0.37775512 -0.04969623 -0.82564524]
 [ 0.16874023  0.28902844 -0.94233184  0.90801825]
 [-0.34160705 -0.87963835 -0.33096977  2.20073554]
 [ 0.          0.          0.          1.        ]]
