344 [[-0.33909507  0.94071299  0.00857945 -0.22799819]
 [ 0.40587455  0.15451916 -0.90077171  0.68740672]
 [-0.84869334 -0.30196507 -0.43420815  2.20964849]
 [ 0.          0.          0.          1.        ]]
333 [[-0.408585    0.91265387  0.0110095  -0.21724156]
 [ 0.40060871  0.19016028 -0.89629891  0.66941271]
 [-0.82010423 -0.36180379 -0.44331373  2.1946408 ]
 [ 0.          0.          0.          1.        ]]
318 [[-0.51665158  0.85619184  0.00258467 -0.10869348]
 [ 0.38718854  0.23633141 -0.89119723  0.61717095]
 [-0.76364663 -0.4594377  -0.45360866  2.19528   ]
 [ 0.          0.          0.          1.        ]]
306 [[-0.57040662  0.82081554  0.02996913 -0.16059311]
 [ 0.3490675   0.27528149 -0.89575219  0.64539919]
 [-0.74349726 -0.50048173 -0.44354241  2.17740043]
 [ 0.          0.          0.          1.        ]]
290 [[-0.63071505  0.77472431  0.04472987 -0.17695563]
 [ 0.31573911  0.3088478  -0.89717437  0.66460399]
 [-0.70887752 -0.55173841 -0.43940572  2.13428978]
 [ 0.          0.          0.          1.        ]]
279 [[-0.63530927  0.76995443  0.05960127 -0.28117139]
 [ 0.29754184  0.31526661 -0.9011525   0.70880686]
 [-0.71263664 -0.55477666 -0.42938546  2.06294541]
 [ 0.          0.          0.          1.        ]]
271 [[-0.6402145   0.76524031  0.06732505 -0.3580173 ]
 [ 0.29636558  0.32689636 -0.89738855  0.70306962]
 [-0.70872621 -0.55456833 -0.43607467  2.0025695 ]
 [ 0.          0.          0.          1.        ]]
262 [[-0.66082184  0.74783517  0.06369507 -0.38846769]
 [ 0.29189953  0.33426237 -0.89613801  0.70465297]
 [-0.69145438 -0.57359501 -0.43918061  1.95543747]
 [ 0.          0.          0.          1.        ]]
251 [[-0.66020369  0.75101591  0.01030473 -0.40073249]
 [ 0.32348237  0.29669574 -0.89851588  0.71759914]
 [-0.6778571  -0.5898701  -0.43882003  1.90304971]
 [ 0.          0.          0.          1.        ]]
242 [[-0.64917818  0.76052426  0.01305904 -0.5119952 ]
 [ 0.33563546  0.30181839 -0.89233093  0.68785379]
 [-0.68258078 -0.5748987  -0.45119282  1.85845291]
 [ 0.          0.          0.          1.        ]]
230 [[-0.69003444  0.72368287  0.01164358 -0.52776783]
 [ 0.29905807  0.29972901 -0.90593973  0.74632977]
 [-0.65910298 -0.62164751 -0.42324654  1.83988534]
 [ 0.          0.          0.          1.        ]]
210 [[-0.71734473  0.69642736  0.02013648 -0.64512032]
 [ 0.29941001  0.33424225 -0.89366423  0.71130535]
 [-0.62910269 -0.63503626 -0.44828424  1.95889421]
 [ 0.          0.          0.          1.        ]]
194 [[-0.79295013  0.60822955  0.03587354 -0.65319839]
 [ 0.2730745   0.40740698 -0.87146421  0.60237429]
 [-0.54466542 -0.68123151 -0.4891454   2.14745929]
 [ 0.          0.          0.          1.        ]]
184 [[-0.83356     0.55239651  0.00598536 -0.56944623]
 [ 0.26217354  0.40510717 -0.87587283  0.59673824]
 [-0.48625381 -0.72852335 -0.48250488  2.2651063 ]
 [ 0.          0.          0.          1.        ]]
176 [[-0.86254017  0.50475825  0.03526426 -0.59665087]
 [ 0.19999409  0.40411234 -0.89257806  0.61801441]
 [-0.46478686 -0.76283178 -0.44951179  2.35685355]
 [ 0.          0.          0.          1.        ]]
